Command: PRINTITEMNUMBERS
1. ITEM NO. 0.50
2. 74 0.96
3. 75 1.22
4. 76 0.49
5. 77 0.54
6. 78 0.54
7. 79 THRU 83 0.73
8. 84 0.76
9. 85 THRU 90 0.73
10. 91 0.96
11. 92 0.49
12. 93 0.49
13. 94 1.43
14. 95 0.54
15. 96 THRU 98 0.73
16. 99 0.73
17. 100 0.99
18. 101 0.73
19. 102 0.73
20. 103 0.76
21. 104 0.73
22. 105 1.24
23. 106 0.99
24. 107 1.20
25. 108 0.97
26. 109 0.73
27. 110 0.73
28. 111 0.73
29. 112 0.73
30. 113 0.99
31. 114 0.97
32. 115 1.20
33. 116 0.97
34. 117 0.73
35. 118 0.54
36. 119 0.73
37. 120 0.73
38. 121 0.73
39. 122 0.97
40. 123 0.97
41. 124 0.97
